2.3884664150516897 0.44480966420073986 0.21425986634949448 0.7435912712619238 0.13447763974077245 0.07859667280069967 0.5238259387849933 0.2357399858663761 0.08378458470368842 0.4803433110225549  
0.7065986257636016 0.783877260361637 0.9856395374793703 0.3798623738981954 0.7312167948509325 0.1354510118578317 0.9993117662053875 0.7042337113858929 1.510324150236092 0.10329501746974704  
0.046080217353410516 1.0880524281617943 0.35757574058313624 0.41247076039547 0.36109372225340547 0.3519272206630119 0.4029662140769305 0.39128678686563456 0.2624049962305963 1.5702384495753587  
2.0387150803154537 0.13041211759300872 0.5555733843263602 0.2765820074114245 0.16305371165239993 0.5171366720396349 0.046827482840104274 1.0391094889200452 1.5875404366924812 0.42776234390832163  
1.5222200797523935 0.3119200576444819 0.5244865187033289 0.33036316324362286 0.16075982360365904 0.5811725943225889 0.018286378718920995 1.3436217068943608 0.03199155416183029 0.8565820078307491  
0.11979500556507483 0.14546372088530923 0.02255517672276432 0.3994506435495882 0.08050046893368161 0.24015366857095427 0.03398021932778935 0.44541345183487185 0.24281715925898517 0.5205407952922745  
0.5645010763034052 0.5918075699356455 1.1170865091529656 0.7346118531871327 0.2138693168854818 0.0628813473473615 0.4102355058346823 0.09322052920342215 0.5701710449864547 0.10476150245691608  
0.0655979671723536 0.4832790498071851 0.7784582447034213 0.054390065294712686 0.6135009145543564 0.05247353796300383 0.3717203806015233 0.3526563108891259 0.7996368232985946 0.7512259155581896  
0.38906704746547516 0.1238607570123953 2.000589055707988 0.6169934799832334 0.2403906968764266 0.25052458648715964 0.08528060671381567 0.6603952003325672 0.23232875172192163 1.5126537160046483  
0.9324830903548789 0.6310464649851566 1.5147927589398245 0.0074072956234577285 0.147085865657259 0.8328350103080291 0.33905661540034004 0.052282824164526086 0.11007511970373039 0.6081838684370163  
1.4133891847130164 0.30260822991021513 0.31340966624762023 0.24511378762238326 0.16347391881732587 0.7673928717985442 0.33285893273086237 0.9427937477865648 0.614238376150633 0.7142225881157287  
0.270145340101866 0.0712838126803973 0.435436900302041 0.1914128306932144 1.7731688713089435 0.37869170122267437 0.1523331386919299 0.23243204459740538 0.09831486055290284 0.0730660917099832  
0.0019099702642016827 0.2458236231157508 0.123445790024395 0.8564364151594448 0.37907345785225116 0.9562012564108583 0.5677550728858094 0.929401448478811 0.12182423187978018 0.03166422095895392  
0.09870713769503767 0.5195165605452718 0.09954357580855114 0.4743772130192079 0.6634891267491818 0.15215412432369255 0.5600349987990311 0.5870316223794105 0.5774597984518187 0.47206921482733916  
0.32392562595504987 2.7947910486981344 0.32154096908302987 0.48921096844092615 0.10227724357213948 1.1170121429880722 0.29283698622948967 0.4618502256423495 0.24319810535337222 0.030626143315918727  
0.07982239008861017 1.3407925352591583 0.04788151636737278 0.4966346666205439 0.11643598507792735 1.313930402525229 0.08933384179874769 0.7395758735682953 0.17525091990641686 0.5927193764424749  
0.9613744969779318 0.267231400490815 0.28390829071091783 0.19920486630431328 0.19238407176225367 0.07545240454772215 0.5533358162967444 0.07255276273649924 0.3403667816268089 0.4321857588960831  
0.5793625934983514 0.4303332695735618 0.3383783972052825 0.2125705302799909 0.44929646239294774 0.1671811797840595 0.006005494188155377 0.8441795941980146 0.17632925442975564 0.01240413315528796  
0.02660209590603127 0.011889640591599453 0.1514064219232539 0.2972390097351752 0.04183152755596232 0.09939234622607226 0.05544846224521975 0.5758245330911475 0.6248971677294075 0.5001791981486584  
0.3003559879184291 1.197442229075941 0.013100905815560285 0.2508302590321913 0.6079337060101151 2.1500181955882183 2.0668521769633084 0.09747260655936968 0.3878526168683095 0.06887134551056574  
0.4559356161697705 0.1822530349802397 0.07062406974769443 0.2769851692057248 0.21564079116121096 1.1067997992094802 0.21600234409000524 0.7245353486845253 0.1882546241049348 0.4671693785255679  
0.09625357558138312 0.08973646217644879 0.21995517404566212 0.5811867470285075 0.2862401127206691 0.12562454606250595 0.3411441994226389 0.04902942889732873 0.26859605513730966 0.4704115084230044  
0.32638835421343054 0.8097668185009345 0.07977969728778513 1.3298746053736048 0.600874455686818 0.6535698018907355 0.6358871165613821 0.1699932735826054 0.08967065802552203 0.35345548022010237  
0.4051015518580486 1.4948503910098825 0.3080933190904268 0.29924439993176805 0.17598923477549303 0.5174707022852851 0.41969217303942646 0.27992318838870967 0.008872935367891415 0.6583961748335744  
0.3266464443645962 0.2252430342753605 0.5867814439480072 0.04950290995162103 0.759628810824941 0.44259125637387836 0.3096879590185139 0.494066952804776 0.4700371948837973 0.4326986898666099  
0.1760007604656559 0.977579674674123 0.25929380540582825 0.7033081162529563 1.702640783079092 0.18246502011674678 0.10031717334386073 0.17673154661532492 0.803011143604386 0.6201588971531381  
2.444722382586176 0.054065313748796515 0.22650954931531303 0.2443834400955426 0.24382810495776794 0.9298717646267161 0.13780046265086418 0.0464752754359343 0.20206381436916165 0.4289315396550306  
0.16611629507001485 0.021071996577697247 1.5768027295100493 0.0768330939210927 0.37630919879240476 0.5957025753519061 0.4968361254520867 0.26545799846877066 0.10813735649938927 0.26496411151440363  
1.9461643330353884 0.39007920673268537 0.004192996533970545 0.0427151152353108 1.6732076070289421 0.001666640703186698 0.10512514613272841 2.04369929211593 0.08783879643011985 0.6735284211570528  
1.3475128275686168 0.28070810069353147 0.7001058066727833 0.3343671013508097 0.8675353108942536 0.8133225177542087 0.06566747753781385 0.8635760622467942 0.6311078175866005 0.15432518027567976  
0.60299620092545 0.40904100618326306 0.5567624669284049 2.187132804212568 0.37992049547280404 0.08924415023314622 0.05053683196776809 0.17692921421747201 0.025996217742709257 0.38987322038687355  
0.5869542378231662 0.20262783914805224 0.047461280291936345 1.6574327792652066 0.012236681465868635 2.0145356286590568 0.1624016790714502 0.1808435136150821 0.7375708219457613 0.4982625159256077  
0.014437984010297871 2.9769110282830535 0.6611602541652356 0.9871599910454907 0.6190703145986062 0.06472032063621043 0.25548067912585515 0.46185608307596493 0.7048460611393229 1.1987484867859677  
0.3496432751244679 0.22325360591312265 0.31167383839102203 0.6104980958911004 0.7090780688307834 0.2638563150346883 1.4105967401353674 0.020310038177587166 1.8146125251634775 0.30294074474812943  
1.0017320302415225 0.6140290386506487 0.632060142871837 0.3346858293583311 0.5898218531610252 1.1079480828985258 0.3497491795908522 0.6063730842461607 0.013335170577904575 0.1864844236423049  
0.2718762342418622 1.039154438325925 0.045894646702445384 0.17067334291513744 0.6646628096278066 1.1404817258161644 0.7163632646108755 0.675389198669581 1.2664639000236633 0.13919550630975885  
0.5982393767944317 0.8965771274411379 0.03899856387061379 0.767446093314262 0.4170581328675986 0.006546489965770652 0.171799349774801 0.3645235913191554 0.16213247556886223 1.52759878171547  
0.18043834247056836 0.2133837438094456 0.9405432404206954 0.3210745320024072 1.004060475638136 0.11659257360163351 0.7576091125638804 0.2266895840227508 0.6491958094650916 0.4551656648980989  
0.17427556967028063 0.5297457204306358 0.03492894005641584 0.0034197571420122846 1.2795402526580486 0.7385685570711953 0.8352928071749117 1.0749635655123655 0.1519162955544671 0.35688290403239864  
0.33242400981845277 0.1537242681663055 0.09127687391557279 0.033104916037512214 0.053560396025129874 0.7033248041771241 0.14654531002757862 0.18184029985304287 0.02689335399958796 0.3179455866267668  
0.31040987972638184 0.3108730065974445 0.6415140205871244 0.04138182514482892 0.5720563340409794 0.10883506214540352 0.5494633648455305 0.09568846060177301 0.3095427421063854 0.04329742607893691  
0.02747528550054187 0.08724379035872908 0.4855387638851586 1.0716094603016815 0.26031085783102115 0.16282951774492613 0.2556957910124484 0.32152252014637334 2.227868817554878 0.26023931154861085  
0.9919499935237321 0.5882840242572167 0.173834377657672 0.3481912458984277 1.4584829716111152 0.38057974804512146 0.6458834176124689 0.3409088315968323 0.023022123705187206 0.04439111927807244  
0.10342733233638324 0.20909203727809908 0.6477945982087218 0.12596083414555598 0.5092201924356377 0.36481466201740215 0.5946736257712494 0.08073476077755894 1.5951077747528948 0.18428764458426353  
0.18794622898230617 0.1302220668712635 0.1355325084565521 0.24265949380905827 0.584989420467698 0.3291720673850239 0.7929432796873428 0.954484515458997 0.053726895519749546 0.13987198212530152  
0.3419664686049969 0.0775913897805639 0.07103317948632862 0.025872458451001112 0.4863239622060796 0.690459214376846 0.40598464336592155 0.3376991033182036 0.5382287913807006 0.06257941456728974  
0.4455876620479858 0.009889459307024718 0.037817301784742 0.5527735222760172 0.24534072143201885 0.37408052907540634 1.4486180231988441 1.6071664653072117 0.08243842704097847 0.2239757897694532  
0.2090397795279224 1.4354386533917745 0.4532413262818024 0.0420562018532803 0.01431447765669838 0.40523178455566133 0.4208019940391986 1.083061842345741 0.11473036295279446 0.3707218607654858  
0.03701988773713246 0.47096717541740807 0.5944300739254886 0.13493633133342103 0.18606345144985736 0.3418482007676079 0.2278809139612843 0.8974473868926469 0.15059522902919903 0.17754848616470437  
0.617886218204191 0.027796032097128 0.1767605076343463 2.8182946812183354 0.6297036728340535 0.2138240770667273 0.6015752506579887 0.2579325192623939 0.25064163757613755 0.2422609591784765  
